lowlevel.average_loudness
0.003281744197010994

lowlevel.barkbands.mean
[  1.20746945e-05   1.60481126e-04   2.30464502e-04   2.87558592e-04
   2.57916725e-03   3.57148843e-03   1.63446274e-03   5.32507314e-04
   9.81474994e-04   2.29070167e-04   4.17444069e-04   1.97590416e-04
   7.27454535e-05   6.07836919e-05   3.12380580e-05   9.95188657e-06
   2.47509092e-06   8.78249409e-07   5.09426400e-07   9.02989896e-08
   6.87725361e-08   2.00645722e-08   4.38969394e-09   3.34739325e-09
   2.92475288e-09   3.65324504e-09   1.68539549e-09]

lowlevel.barkbands.stdev
[  1.58666971e-05   6.98068237e-04   8.02995230e-04   9.85722174e-04
   6.97295088e-03   1.03424266e-02   5.07960422e-03   1.81609881e-03
   3.65745276e-03   1.22321863e-03   3.57300905e-03   1.65394682e-03
   7.85455690e-04   1.38582836e-03   7.93463842e-04   1.25797218e-04
   1.59342762e-05   7.04421973e-06   6.91218384e-06   8.18451724e-07
   1.44934563e-06   4.25648324e-07   4.26898517e-08   1.84835631e-08
   1.05959028e-08   2.80276922e-08   7.19874693e-09]

lowlevel.barkbands_crest.mean
13.598297119140625

lowlevel.barkbands_crest.stdev
4.715273857116699

lowlevel.barkbands_flatness_db.mean
0.3898460865020752

lowlevel.barkbands_flatness_db.stdev
0.07006831467151642

lowlevel.barkbands_kurtosis.mean
7.118910789489746

lowlevel.barkbands_kurtosis.stdev
28.143600463867188

lowlevel.barkbands_skewness.mean
0.4693824052810669

lowlevel.barkbands_skewness.stdev
1.6436471939086914

lowlevel.barkbands_spread.mean
3.696580171585083

lowlevel.barkbands_spread.stdev
4.026108264923096

lowlevel.dissonance.mean
0.34153470396995544

lowlevel.dissonance.stdev
0.08093518018722534

lowlevel.dynamic_complexity
10.273649215698242

lowlevel.erbbands.mean
[  2.13028025e-03   4.66868952e-02   2.24736005e-01   6.69404209e-01
   3.03259969e+00   8.12267303e+00   2.01014652e+01   3.31990318e+01
   2.61631451e+01   2.15721798e+01   1.49548798e+01   1.75475750e+01
   1.28686047e+01   1.49547367e+01   1.08234568e+01   7.05256510e+00
   3.73025703e+00   2.78759432e+00   2.37150836e+00   8.53978574e-01
   5.42991281e-01   1.80401906e-01   7.96599090e-02   2.81384531e-02
   1.80631839e-02   5.56368846e-03   4.42474801e-03   1.27412984e-03
   5.39591769e-04   6.14144723e-04   1.49872096e-04   8.85851550e-05
   5.48012831e-05   3.99437158e-05   2.64663831e-05   1.71036118e-05
   9.70073324e-06   3.40137967e-06   5.46047977e-06   1.23415102e-05]

lowlevel.erbbands.stdev
[  8.61963723e-03   1.93795308e-01   7.18026400e-01   2.17252946e+00
   9.45473480e+00   2.00879822e+01   6.03083153e+01   1.00637505e+02
   7.18229599e+01   9.31466675e+01   4.69166756e+01   6.51697540e+01
   6.00784607e+01   9.79813156e+01   8.87622528e+01   5.49269638e+01
   3.95323524e+01   7.52929153e+01   4.50671921e+01   8.93187141e+00
   8.05704308e+00   1.29758871e+00   4.70385700e-01   2.52837420e-01
   2.22930416e-01   5.37148751e-02   9.68538895e-02   1.14207771e-02
   5.29976515e-03   1.83627307e-02   1.78100565e-03   6.35243196e-04
   1.90260660e-04   1.79873867e-04   3.46499182e-05   1.86504221e-05
   3.14058307e-05   3.00815482e-05   1.11087447e-05   2.57799347e-05]

lowlevel.erbbands_crest.mean
14.847809791564941

lowlevel.erbbands_crest.stdev
5.594465255737305

lowlevel.erbbands_flatness_db.mean
0.396213561296463

lowlevel.erbbands_flatness_db.stdev
0.07140753418207169

lowlevel.erbbands_kurtosis.mean
5.3085761070251465

lowlevel.erbbands_kurtosis.stdev
9.03416633605957

lowlevel.erbbands_skewness.mean
0.8745835423469543

lowlevel.erbbands_skewness.stdev
1.206106185913086

lowlevel.erbbands_spread.mean
6.603877544403076

lowlevel.erbbands_spread.stdev
8.78351879119873

lowlevel.gfcc.cov
[[  2.14882637e+04   5.90909229e+03  -3.81897656e+03  -2.15572729e+03
    5.47600708e+02  -1.34832739e+03  -7.45963440e+02  -8.48298828e+02
   -8.00925751e+01  -8.47926880e+02  -3.19119473e+01  -4.15473480e+02
    2.39881836e+02]
 [  5.90909229e+03   2.14541309e+03  -5.39375427e+02  -6.52971436e+02
    1.86354279e+02  -3.61181244e+02  -2.61745605e+02  -3.53411713e+02
   -8.00621109e+01  -3.71178467e+02  -9.70696335e+01  -2.29375854e+02
    4.25460968e+01]
 [ -3.81897656e+03  -5.39375427e+02   1.94707312e+03   7.42073120e+02
   -3.74413971e+02   2.84113129e+02   7.26099701e+01   5.30538063e+01
   -1.48634750e+02   5.60151749e+01  -1.42650848e+02  -5.39347076e+01
   -1.29610062e+02]
 [ -2.15572729e+03  -6.52971436e+02   7.42073120e+02   6.87101746e+02
   -3.05084362e+01   1.52181259e+02   1.34229767e+02   1.23529739e+02
   -7.25675278e+01   6.40423660e+01  -5.86584511e+01  -1.31520615e+01
   -1.00958031e+02]
 [  5.47600708e+02   1.86354279e+02  -3.74413971e+02  -3.05084362e+01
    4.36483154e+02  -5.19780579e+01  -1.57267606e+00  -6.69394608e+01
    2.46706085e+01  -1.10003166e+02   8.05861759e+00  -6.23545113e+01
    1.28840303e+01]
 [ -1.34832739e+03  -3.61181244e+02   2.84113129e+02   1.52181259e+02
   -5.19780579e+01   3.10646118e+02   1.33673859e+02   9.80928650e+01
   -1.02864637e+01   1.06600517e+02  -1.56288135e+00   4.75948372e+01
   -4.41306801e+01]
 [ -7.45963440e+02  -2.61745605e+02   7.26099701e+01   1.34229767e+02
   -1.57267606e+00   1.33673859e+02   1.97673615e+02   1.23774773e+02
   -1.63348591e+00   3.20836143e+01   1.36014247e+00   1.59512100e+01
   -2.89186726e+01]
 [ -8.48298828e+02  -3.53411713e+02   5.30538063e+01   1.23529739e+02
   -6.69394608e+01   9.80928650e+01   1.23774773e+02   2.36342590e+02
    8.57354965e+01   9.07327194e+01  -9.46252441e+00   3.22110100e+01
   -3.91076851e+01]
 [ -8.00925751e+01  -8.00621109e+01  -1.48634750e+02  -7.25675278e+01
    2.46706085e+01  -1.02864637e+01  -1.63348591e+00   8.57354965e+01
    1.49462677e+02   8.65853577e+01   2.46623573e+01   7.62229633e+00
    1.00294275e+01]
 [ -8.47926880e+02  -3.71178467e+02   5.60151749e+01   6.40423660e+01
   -1.10003166e+02   1.06600517e+02   3.20836143e+01   9.07327194e+01
    8.65853577e+01   2.17186707e+02   9.43725891e+01   7.66229630e+01
   -1.34970007e+01]
 [ -3.19119473e+01  -9.70696335e+01  -1.42650848e+02  -5.86584511e+01
    8.05861759e+00  -1.56288135e+00   1.36014247e+00  -9.46252441e+00
    2.46623573e+01   9.43725891e+01   1.45978729e+02   9.76361084e+01
    2.32524796e+01]
 [ -4.15473480e+02  -2.29375854e+02  -5.39347076e+01  -1.31520615e+01
   -6.23545113e+01   4.75948372e+01   1.59512100e+01   3.22110100e+01
    7.62229633e+00   7.66229630e+01   9.76361084e+01   1.54141586e+02
    6.24322701e+01]
 [  2.39881836e+02   4.25460968e+01  -1.29610062e+02  -1.00958031e+02
    1.28840303e+01  -4.41306801e+01  -2.89186726e+01  -3.91076851e+01
    1.00294275e+01  -1.34970007e+01   2.32524796e+01   6.24322701e+01
    1.15767845e+02]]

lowlevel.gfcc.icov
[[  1.64338108e-03  -4.94113239e-03   3.78291775e-03  -3.85709899e-03
    3.12692137e-03  -2.84210109e-04   9.26652749e-04   3.31553019e-05
   -2.78917112e-04   1.23179620e-04  -1.04283227e-03   2.70068500e-04
   -8.29077093e-04]
 [ -4.94113239e-03   1.60886925e-02  -1.13730291e-02   1.23325130e-02
   -9.00504459e-03   5.54560800e-04  -2.14190991e-03   1.46209539e-04
    6.38565398e-04   1.64462160e-03   1.57403015e-03   1.34837034e-03
    2.16870499e-03]
 [  3.78291775e-03  -1.13730291e-02   1.06764892e-02  -1.17191421e-02
    1.01115946e-02  -3.63569241e-03   3.79580050e-03   8.95067584e-04
   -2.97852140e-03   4.18437691e-03  -5.70500083e-03   3.64231062e-03
   -3.25893005e-03]
 [ -3.85709899e-03   1.23325130e-02  -1.17191421e-02   1.66697670e-02
   -1.30614685e-02   6.42985525e-03  -5.54177351e-03  -1.92349160e-03
    8.27728771e-03  -9.71288234e-03   1.14395190e-02  -6.26525795e-03
    5.97899966e-03]
 [  3.12692137e-03  -9.00504459e-03   1.01115946e-02  -1.30614685e-02
    1.57338884e-02  -8.05926509e-03   5.01617324e-03   2.26943172e-03
   -1.00296941e-02   1.49429003e-02  -1.57729387e-02   1.08466167e-02
   -6.11364795e-03]
 [ -2.84210109e-04   5.54560800e-04  -3.63569241e-03   6.42985525e-03
   -8.05926509e-03   1.44361658e-02  -8.87048990e-03   1.06434629e-03
    8.42993800e-03  -1.71225425e-02   1.79118048e-02  -1.40675688e-02
    7.72793638e-03]
 [  9.26652749e-04  -2.14190991e-03   3.79580050e-03  -5.54177351e-03
    5.01617324e-03  -8.87048990e-03   1.58216711e-02  -8.25949106e-03
    2.32287683e-04   1.01136640e-02  -1.40863564e-02   1.16570964e-02
   -6.79194508e-03]
 [  3.31553019e-05   1.46209539e-04   8.95067584e-04  -1.92349160e-03
    2.26943172e-03   1.06434629e-03  -8.25949106e-03   1.66987050e-02
   -1.15157347e-02   4.64123790e-04   7.90850539e-03  -9.25150327e-03
    7.38572422e-03]
 [ -2.78917112e-04   6.38565398e-04  -2.97852140e-03   8.27728771e-03
   -1.00296941e-02   8.42993800e-03   2.32287683e-04  -1.15157347e-02
    2.76072510e-02  -2.15575900e-02   1.12177059e-02  -1.51509035e-03
   -1.61651196e-03]
 [  1.23179620e-04   1.64462160e-03   4.18437691e-03  -9.71288234e-03
    1.49429003e-02  -1.71225425e-02   1.01136640e-02   4.64123790e-04
   -2.15575900e-02   4.00208682e-02  -3.34672444e-02   1.88295655e-02
   -7.05127278e-03]
 [ -1.04283227e-03   1.57403015e-03  -5.70500083e-03   1.14395190e-02
   -1.57729387e-02   1.79118048e-02  -1.40863564e-02   7.90850539e-03
    1.12177059e-02  -3.34672444e-02   4.93135080e-02  -3.58144045e-02
    1.74433235e-02]
 [  2.70068500e-04   1.34837034e-03   3.64231062e-03  -6.26525795e-03
    1.08466167e-02  -1.40675688e-02   1.16570964e-02  -9.25150327e-03
   -1.51509035e-03   1.88295655e-02  -3.58144045e-02   4.18397933e-02
   -2.22678278e-02]
 [ -8.29077093e-04   2.16870499e-03  -3.25893005e-03   5.97899966e-03
   -6.11364795e-03   7.72793638e-03  -6.79194508e-03   7.38572422e-03
   -1.61651196e-03  -7.05127278e-03   1.74433235e-02  -2.22678278e-02
    2.33722311e-02]]

lowlevel.gfcc.mean
[ -3.41400299e+02   2.13295975e+02  -5.26091957e+01  -5.75076714e+01
  -6.13702774e+01  -1.82718830e+01  -3.47439041e+01  -1.11851397e+01
  -1.08820486e+01  -3.33177948e+00  -6.59445047e+00  -2.58310580e+00
  -7.43240863e-02]

lowlevel.hfc.mean
4.7859206199646

lowlevel.hfc.stdev
11.302420616149902

lowlevel.loudness_ebu128.integrated
-21.721982955932617

lowlevel.loudness_ebu128.loudness_range
21.133106231689453

lowlevel.loudness_ebu128.momentary.mean
-35.66687774658203

lowlevel.loudness_ebu128.momentary.stdev
34.10139083862305

lowlevel.loudness_ebu128.short_term.mean
-31.715669631958008

lowlevel.loudness_ebu128.short_term.stdev
23.740962982177734

lowlevel.melbands.mean
[  3.33537173e-05   1.01820813e-04   1.69309831e-04   3.71158647e-04
   6.62163133e-04   7.24208134e-04   4.02597652e-04   2.07131612e-04
   1.27353036e-04   1.16973599e-04   6.17138066e-05   5.71470482e-05
   4.59844450e-05   2.61083260e-05   1.36417839e-05   5.36834750e-06
   4.65952917e-06   3.75240029e-06   2.20795869e-06   4.12779087e-07
   7.15688543e-07   1.33703736e-07   1.27194255e-07   3.88525727e-08
   2.07576267e-08   2.14902869e-08   4.26940616e-09   3.46687745e-09
   2.63118505e-09   1.48920654e-09   5.91524107e-10   2.38822073e-10
   4.62336919e-10   2.29781513e-10   8.84135404e-11   4.60250692e-11
   4.90990026e-11   3.49288237e-11   2.97821663e-11   2.65843545e-11]

lowlevel.melbands.stdev
[  1.42963225e-04   3.22977197e-04   5.11501275e-04   9.65218525e-04
   1.95945008e-03   2.14286125e-03   1.07552367e-03   8.84219306e-04
   4.49562795e-04   4.53984074e-04   2.94549798e-04   3.68613983e-04
   4.15949966e-04   2.40541005e-04   1.48251274e-04   8.51325167e-05
   1.32373476e-04   6.52511080e-05   4.34543399e-05   2.97364363e-06
   1.19254564e-05   9.38151743e-07   9.19284219e-07   3.03117105e-07
   2.12856719e-07   3.46345587e-07   3.80477125e-08   4.31500808e-08
   6.19005576e-08   2.64462390e-08   5.59971225e-09   2.64453592e-09
   1.20538433e-08   6.90329394e-09   1.47849055e-09   2.73470718e-10
   3.82173238e-10   1.52020438e-10   1.48349652e-10   1.25570596e-10]

lowlevel.melbands128.mean
[  5.71933469e-06   7.34724335e-06   4.25010767e-05   8.69408177e-05
   1.02788741e-04   1.19899792e-04   1.13336871e-04   1.64111101e-04
   3.04212124e-04   4.04654536e-04   2.84241309e-04   7.63636723e-04
   7.48472929e-04   5.40747656e-04   6.93952548e-04   9.73737100e-04
   5.08120924e-04   2.70839228e-04   3.29494593e-04   2.68602191e-04
   1.09571571e-04   1.15532166e-04   1.13789662e-04   2.02601426e-04
   7.66406956e-05   1.18381729e-04   1.30046436e-04   3.26717527e-05
   3.33757962e-05   3.53959222e-05   7.11346511e-05   9.36810247e-05
   3.98181255e-05   1.47702294e-05   3.39902108e-05   3.24405810e-05
   2.56470798e-06   2.19602662e-05   1.14318173e-05   5.47097034e-06
   1.95640791e-06   8.78675564e-06   6.72176839e-06   7.03381659e-07
   3.98259999e-06   3.21375455e-06   5.86886654e-06   1.79753351e-06
   1.21261962e-06   8.07755498e-07   1.96756375e-07   1.54485946e-07
   1.20845675e-06   6.48571529e-07   7.50616991e-08   1.33663917e-07
   1.48045075e-07   2.40638087e-07   4.22326600e-08   8.05306328e-08
   2.57215973e-08   3.87693646e-08   1.16840218e-08   9.67094760e-09
   4.06275937e-08   2.73211089e-08   9.31801836e-09   5.28582156e-09
   3.03506531e-09   1.89092320e-09   6.37900088e-09   1.46559698e-09
   1.84595272e-09   2.46910026e-09   5.17939069e-09   7.04893366e-10
   6.26113550e-10   5.48783852e-10   8.19721291e-10   2.53133403e-10
   3.80192544e-10   1.01215883e-10   2.35244768e-10   3.69012876e-10
   1.01924980e-09   1.12989625e-10   8.26447452e-11   5.74274898e-11
   1.50805229e-10   4.27160703e-11   4.14291795e-11   4.01036634e-11
   6.54286209e-11   4.11465306e-11   5.53441251e-11   3.61338945e-11
   3.15952403e-11   2.89680502e-11   2.56200026e-11   3.47206708e-11
   3.09835074e-11   2.36139875e-11   2.30416779e-11   2.33084455e-11
   2.30530352e-11   2.18340623e-11   2.21084852e-11   2.05615299e-11
   2.01537086e-11   2.01623301e-11   1.96438317e-11   1.90135685e-11
   1.85344951e-11   1.85616279e-11   3.41954069e-11   2.86612678e-11
   1.88904708e-11   1.94734021e-11   1.55749927e-11   6.89031991e-12
   3.41570413e-12   2.54992056e-12   2.33215574e-12   2.29763062e-12
   2.24126403e-12   1.96677917e-12   1.91400281e-12   1.89322277e-12]

lowlevel.melbands128.stdev
[  8.59121155e-06   2.31156155e-05   2.14463100e-04   3.78106517e-04
   3.37511592e-04   4.36375471e-04   4.24869242e-04   5.61385532e-04
   1.01990358e-03   1.53513625e-03   8.07658769e-04   2.68382463e-03
   2.57442682e-03   1.82066322e-03   2.22933316e-03   3.42569826e-03
   1.69733900e-03   8.80072941e-04   1.29828788e-03   1.67068921e-03
   4.85216995e-04   4.43159021e-04   5.06433717e-04   9.61474027e-04
   3.25964473e-04   6.77150092e-04   8.39717337e-04   1.84739154e-04
   1.82681033e-04   3.02310975e-04   5.54607832e-04   8.57846346e-04
   6.80484984e-04   1.55256188e-04   3.10328585e-04   3.49715207e-04
   2.10582493e-05   2.88509036e-04   1.41545344e-04   1.09951696e-04
   8.86574253e-06   3.09027062e-04   2.15071763e-04   7.30050806e-06
   5.54336075e-05   4.61200943e-05   2.16373737e-04   1.75894493e-05
   7.55145311e-06   8.65968832e-06   1.53417079e-06   1.15757359e-06
   2.14204247e-05   1.11110667e-05   6.93078846e-07   1.14110230e-06
   1.71849263e-06   2.07662856e-06   7.00793692e-07   6.04678405e-07
   2.12631306e-07   6.79518394e-07   8.74488535e-08   1.12431096e-07
   8.36063577e-07   4.79632320e-07   1.13126546e-07   8.03477391e-08
   2.75637237e-08   1.61305707e-08   1.00040793e-07   1.90156637e-08
   2.52630308e-08   9.74178036e-08   1.29379401e-07   6.78689283e-09
   6.69247768e-09   6.50608589e-09   1.02185203e-08   2.61471178e-09
   6.75278322e-09   5.71981906e-10   1.78184623e-09   7.37225925e-09
   4.24040572e-08   1.90052818e-09   6.24379992e-10   5.41670320e-10
   3.54515328e-09   1.77414736e-10   1.85157403e-10   1.96861985e-10
   9.83701898e-10   3.98337752e-10   5.83597948e-10   1.59842292e-10
   2.38616904e-10   1.08534827e-10   3.49637090e-11   3.36662559e-10
   2.88358837e-10   3.12521536e-11   3.03741927e-11   3.16276484e-11
   2.98111466e-11   2.48347402e-11   6.94624705e-11   1.47493268e-11
   1.70630159e-11   2.19895976e-11   1.46816378e-11   1.26650010e-11
   1.20521206e-11   2.11384504e-11   8.28362823e-10   5.78565584e-10
   1.21380850e-10   2.14988610e-10   8.47671933e-12   7.00845935e-12
   6.37149621e-12   5.65392221e-12   5.48907274e-12   5.41093342e-12
   5.26267354e-12   4.91799483e-12   4.86160201e-12   4.83652094e-12]

lowlevel.melbands_crest.mean
16.001373291015625

lowlevel.melbands_crest.stdev
5.817687511444092

lowlevel.melbands_flatness_db.mean
0.5130791664123535

lowlevel.melbands_flatness_db.stdev
0.0938783586025238

lowlevel.melbands_kurtosis.mean
6.93297815322876

lowlevel.melbands_kurtosis.stdev
47.7637939453125

lowlevel.melbands_skewness.mean
0.808242917060852

lowlevel.melbands_skewness.stdev
1.61458420753479

lowlevel.melbands_spread.mean
6.821840763092041

lowlevel.melbands_spread.stdev
16.888893127441406

lowlevel.mfcc.cov
[[  7.02633496e+03   4.57975928e+03  -1.79457263e+03  -1.33997559e+03
    2.02275375e+02  -6.45450058e+01  -3.64472534e+02  -2.65679962e+02
   -2.39201752e+02  -2.94612000e+02  -2.75842285e+02  -2.25206863e+02
   -1.46891373e+02]
 [  4.57975928e+03   3.43867236e+03  -5.87874451e+02  -8.19907104e+02
    7.60158920e+01  -4.58811092e+00  -2.45152176e+02  -2.22031189e+02
   -1.93959702e+02  -2.22595963e+02  -2.29212585e+02  -2.09845734e+02
   -1.59659805e+02]
 [ -1.79457263e+03  -5.87874451e+02   1.36766956e+03   6.38359436e+02
   -8.18185349e+01   4.84260559e+01   1.07978279e+02   2.44685898e+01
    1.82947960e+01   3.96322708e+01   1.15074158e+00  -4.75187378e+01
   -7.28854065e+01]
 [ -1.33997559e+03  -8.19907104e+02   6.38359436e+02   6.64285645e+02
    1.23951515e+02   4.47079039e+00   8.84976044e+01   8.25036469e+01
    5.80398293e+01   5.93207245e+01   3.46191711e+01  -9.49014568e+00
   -3.66709099e+01]
 [  2.02275375e+02   7.60158920e+01  -8.18185349e+01   1.23951515e+02
    2.19259354e+02   7.56805115e+01  -2.42120290e+00   9.32587624e+00
    5.52455950e+00  -3.05509377e+00  -1.02522345e+01  -2.74583893e+01
   -3.59545021e+01]
 [ -6.45450058e+01  -4.58811092e+00   4.84260559e+01   4.47079039e+00
    7.56805115e+01   1.54572876e+02   9.20574417e+01   8.07916832e+00
   -1.21466007e+01  -5.72859955e+00  -5.85289860e+00  -1.28139095e+01
   -1.55706244e+01]
 [ -3.64472534e+02  -2.45152176e+02   1.07978279e+02   8.84976044e+01
   -2.42120290e+00   9.20574417e+01   1.65815323e+02   9.67063904e+01
    1.97882729e+01   5.74505377e+00   1.09067764e+01   1.18383341e+01
    8.96259499e+00]
 [ -2.65679962e+02  -2.22031189e+02   2.44685898e+01   8.25036469e+01
    9.32587624e+00   8.07916832e+00   9.67063904e+01   1.38791840e+02
    8.64188156e+01   2.58111324e+01   9.67217350e+00   1.09431305e+01
    8.40580845e+00]
 [ -2.39201752e+02  -1.93959702e+02   1.82947960e+01   5.80398293e+01
    5.52455950e+00  -1.21466007e+01   1.97882729e+01   8.64188156e+01
    1.28981674e+02   9.05543823e+01   2.69815540e+01  -4.37418079e+00
   -1.08537312e+01]
 [ -2.94612000e+02  -2.22595963e+02   3.96322708e+01   5.93207245e+01
   -3.05509377e+00  -5.72859955e+00   5.74505377e+00   2.58111324e+01
    9.05543823e+01   1.38749298e+02   9.35855942e+01   1.17797918e+01
   -1.96728325e+01]
 [ -2.75842285e+02  -2.29212585e+02   1.15074158e+00   3.46191711e+01
   -1.02522345e+01  -5.85289860e+00   1.09067764e+01   9.67217350e+00
    2.69815540e+01   9.35855942e+01   1.34077972e+02   8.74909439e+01
    1.95550652e+01]
 [ -2.25206863e+02  -2.09845734e+02  -4.75187378e+01  -9.49014568e+00
   -2.74583893e+01  -1.28139095e+01   1.18383341e+01   1.09431305e+01
   -4.37418079e+00   1.17797918e+01   8.74909439e+01   1.45143723e+02
    9.99513092e+01]
 [ -1.46891373e+02  -1.59659805e+02  -7.28854065e+01  -3.66709099e+01
   -3.59545021e+01  -1.55706244e+01   8.96259499e+00   8.40580845e+00
   -1.08537312e+01  -1.96728325e+01   1.95550652e+01   9.99513092e+01
    1.38512497e+02]]

lowlevel.mfcc.icov
[[ 0.39120251 -0.55211484  0.55003005 -0.54011595  0.52133292 -0.48944211
   0.44083971 -0.38409638  0.32223126 -0.25425985  0.17929053 -0.10110877
   0.0367662 ]
 [-0.55211484  0.78031242 -0.77830315  0.76724505 -0.74287945  0.69960731
  -0.63183063  0.55220675 -0.46394357  0.36750779 -0.25928432  0.14681533
  -0.0527956 ]
 [ 0.55003005 -0.77830315  0.78200078 -0.77678084  0.75966966 -0.7226823
   0.65915042 -0.58046889  0.49209651 -0.39264679  0.28005397 -0.15919051
   0.05866699]
 [-0.54011595  0.76724505 -0.77678084  0.78476804 -0.77890313  0.75341958
  -0.6987291   0.62244105 -0.5323686   0.42885295 -0.30839372  0.17670558
  -0.0642129 ]
 [ 0.52133292 -0.74287945  0.75966966 -0.77890313  0.79503089 -0.7852667
   0.74579948 -0.67862648  0.58794701 -0.4795478   0.34863615 -0.20106821
   0.07495213]
 [-0.48944211  0.69960731 -0.7226823   0.75341958 -0.7852667   0.80801821
  -0.78901404  0.73517066 -0.64732808  0.53617108 -0.39372164  0.22847603
  -0.08386122]
 [ 0.44083971 -0.63183063  0.65915042 -0.6987291   0.74579948 -0.78901404
   0.80938566 -0.78053164  0.70479465 -0.59381169  0.44108227 -0.25696555
   0.0950063 ]
 [-0.38409638  0.55220675 -0.58046889  0.62244105 -0.67862648  0.73517066
  -0.78053164  0.7961483  -0.74453938  0.64301378 -0.48408583  0.28332976
  -0.10591622]
 [ 0.32223126 -0.46394357  0.49209651 -0.5323686   0.58794701 -0.64732808
   0.70479465 -0.74453938  0.73934871 -0.66136384  0.5083105  -0.30015913
   0.1132087 ]
 [-0.25425985  0.36750779 -0.39264679  0.42885295 -0.4795478   0.53617108
  -0.59381169  0.64301378 -0.66136384  0.62894684 -0.49884164  0.30007786
  -0.11250886]
 [ 0.17929053 -0.25928432  0.28005397 -0.30839372  0.34863615 -0.39372164
   0.44108227 -0.48408583  0.5083105  -0.49884164  0.4205291  -0.26173499
   0.10253858]
 [-0.10110877  0.14681533 -0.15919051  0.17670558 -0.20106821  0.22847603
  -0.25696555  0.28332976 -0.30015913  0.30007786 -0.26173499  0.18013799
  -0.07599163]
 [ 0.0367662  -0.0527956   0.05866699 -0.0642129   0.07495213 -0.08386122
   0.0950063  -0.10591622  0.1132087  -0.11250886  0.10253858 -0.07599163
   0.04278394]]

lowlevel.mfcc.mean
[-934.94439697  203.31620789   60.15510941   -8.71257687  -17.59504318
  -16.47335815  -15.24735069  -11.24396801   -6.96071529   -4.99798298
   -4.49688578   -3.46930647   -1.02012479]

lowlevel.pitch_salience.mean
0.5444996953010559

lowlevel.pitch_salience.stdev
0.13450942933559418

lowlevel.silence_rate_20dB.mean
1.0

lowlevel.silence_rate_20dB.stdev
0.0

lowlevel.silence_rate_30dB.mean
0.985967755317688

lowlevel.silence_rate_30dB.stdev
0.11762765794992447

lowlevel.silence_rate_60dB.mean
0.5794788002967834

lowlevel.silence_rate_60dB.stdev
0.4936128854751587

lowlevel.spectral_centroid.mean
595.229248046875

lowlevel.spectral_centroid.stdev
1388.6890869140625

lowlevel.spectral_complexity.mean
4.862721920013428

lowlevel.spectral_complexity.stdev
4.036163806915283

lowlevel.spectral_contrast_coeffs.mean
[-0.67227644 -0.71569341 -0.72004962 -0.78812772 -0.85850376 -0.89009511]

lowlevel.spectral_contrast_coeffs.stdev
[ 0.12204332  0.08536353  0.07579487  0.06659173  0.06706221  0.02612888]

lowlevel.spectral_contrast_valleys.mean
[ -8.79104328  -8.14315319 -10.28013706 -11.8637867  -12.87660599
 -14.71146488]

lowlevel.spectral_contrast_valleys.stdev
[ 2.72889972  2.84339476  2.70738697  2.47281909  2.02751017  1.71263218]

lowlevel.spectral_decrease.mean
-2.8028175336203276e-09

lowlevel.spectral_decrease.stdev
5.822273774214182e-09

lowlevel.spectral_energy.mean
0.011012579314410686

lowlevel.spectral_energy.stdev
0.02293599583208561

lowlevel.spectral_energyband_high.mean
1.6655501156037644e-07

lowlevel.spectral_energyband_high.stdev
1.9249480374128325e-06

lowlevel.spectral_energyband_low.mean
0.0005052744527347386

lowlevel.spectral_energyband_low.stdev
0.001549827866256237

lowlevel.spectral_energyband_middle_high.mean
0.0009817093377932906

lowlevel.spectral_energyband_middle_high.stdev
0.00516813900321722

lowlevel.spectral_energyband_middle_low.mean
0.00964448694139719

lowlevel.spectral_energyband_middle_low.stdev
0.020512446761131287

lowlevel.spectral_entropy.mean
5.218666076660156

lowlevel.spectral_entropy.stdev
0.7665749192237854

lowlevel.spectral_flux.mean
0.02315612882375717

lowlevel.spectral_flux.stdev
0.03017069585621357

lowlevel.spectral_kurtosis.mean
153.64141845703125

lowlevel.spectral_kurtosis.stdev
86.51996612548828

lowlevel.spectral_rms.mean
0.0022585077676922083

lowlevel.spectral_rms.stdev
0.0023755317088216543

lowlevel.spectral_rolloff.mean
840.94921875

lowlevel.spectral_rolloff.stdev
2387.43603515625

lowlevel.spectral_skewness.mean
9.690580368041992

lowlevel.spectral_skewness.stdev
3.278196096420288

lowlevel.spectral_spread.mean
1737978.75

lowlevel.spectral_spread.stdev
5197829.0

lowlevel.spectral_strongpeak.mean
0.686568558216095

lowlevel.spectral_strongpeak.stdev
1.0418214797973633

lowlevel.zerocrossingrate.mean
0.027509024366736412

lowlevel.zerocrossingrate.stdev
0.06325959414243698

metadata.audio_properties.analysis.downmix
mix

metadata.audio_properties.analysis.equal_loudness
0.0

metadata.audio_properties.analysis.length
312.7118225097656

metadata.audio_properties.analysis.sample_rate
44100.0

metadata.audio_properties.analysis.start_time
0.0

metadata.audio_properties.bit_rate
320000.0

metadata.audio_properties.codec
mp3

metadata.audio_properties.length
312.7118225097656

metadata.audio_properties.lossless
0.0

metadata.audio_properties.md5_encoded
5d7ecfae519f291f05507582659023ef

metadata.audio_properties.number_channels
2.0

metadata.audio_properties.replay_gain
-2.9246368408203125

metadata.audio_properties.sample_rate
44100.0

metadata.tags.file_name
clairdelune_tollier.mp3

metadata.tags.title
['clair de lune by Francois-Joel Thiollier,']

metadata.version.essentia
2.1-dev

metadata.version.essentia_git_sha
v2.1_beta3-415-gd5473f3

metadata.version.extractor
music 2.0

rhythm.beats_count
676.0

rhythm.beats_loudness.mean
0.013928256928920746

rhythm.beats_loudness.stdev
0.026140201836824417

rhythm.beats_loudness_band_ratio.mean
[  1.85779691e-01   5.20615160e-01   2.89288491e-01   5.98772094e-02
   3.32124135e-03   2.96520593e-04]

rhythm.beats_loudness_band_ratio.stdev
[ 0.21366061  0.27228144  0.23469394  0.14138566  0.0198813   0.006002  ]

rhythm.beats_position
[   0.63854873    1.30031741    1.97369611    2.6470747     3.32045341
    3.99383211    4.64399099    5.2941494     5.93269825    6.48997736
    7.04725599    7.61614513    8.1850338     8.75392246    9.29959202
    9.84526062   10.37931919   10.87854862   11.3777771    11.87700653
   12.30657578   12.72453499   13.15410423   13.57206345   13.99002266
   14.4195919    14.84916115   15.22068024   15.59219933   15.96371841
   16.31201744   16.6719265    17.02022552   17.36852646   17.69360542
   18.00707436   18.32054329   18.64562416   18.97070312   19.31900215
   19.66730118   20.0156002    20.36389923   20.82829857   21.30430794
   21.78031731   22.26793671   22.68589592   23.10385513   23.52181435
   23.99782181   24.47383118   24.94984055   25.42584991   25.90185928
   26.35464859   26.79582787   27.23700714   27.67818451   28.11936378
   28.56054306   29.00172234   29.44290161   29.97696114   30.52263069
   31.05668831   31.71845818   32.38022614   33.06521606   33.75020218
   34.44680023   35.1434021    35.85160828   36.55981827   37.27963638
   37.9994545    38.68444443   39.36943054   40.05442047   40.72779846
   41.41278839   41.98167801   42.55056763   43.11945343   43.68834305
   44.2688446    44.87256241   45.48789215   46.09160995   46.68371964
   47.28743744   47.90276718   48.50648499   49.11020279   49.70231247
   50.29442215   50.89813995   51.5134697    52.16362762   52.81378555
   53.46394348   54.12571335   54.78748322   55.42602921   56.07619095
   56.72634888   57.37650681   58.02666473   58.67682266   59.33859253
   59.87265015   60.39509964   60.91754913   61.40517044   61.89278793
   62.38040543   62.85641479   63.33242416   63.80843353   64.22639465
   64.65596008   65.08553314   65.53832245   65.99111176   66.42067719
   66.86185455   67.27981567   67.69777679   68.11573792   68.4524231
   68.77750397   69.10258484   69.42766571   69.76435089   70.1010437
   70.42612457   70.75119781   71.08789062   71.42457581   71.74965668
   72.06312561   72.38820648   72.72489929   73.06158447   73.39827728
   73.73496246   74.07165527   74.47800446   74.88435364   75.29070282
   75.697052     76.09178925   76.48652649   76.89287567   77.29922485
   77.70557404   78.11192322   78.52988434   78.87818146   79.22648621
   79.57478333   79.91147614   80.24816132   80.57324219   80.89832306
   81.23500824   81.56008911   81.87355804   82.19863892   82.5353241
   82.86040497   83.18548584   83.52217865   83.87047577   84.21877289
   84.56707001   84.90376282   85.24045563   85.57714081   85.92543793
   86.27374268   86.62203979   86.97033691   87.30702972   87.71337891
   88.11972809   88.51446533   88.90920258   89.37360382   89.83800507
   90.30239868   90.7203598    91.13832092   91.56788635   91.99745941
   92.39219666   92.7869339    93.18167877   93.56480408   93.97115326
   94.37750244   94.79546356   95.20181274   95.60816193   96.01451111
   96.42086029   96.75754547   97.10585022   97.45414734   97.80244446
   98.15074921   98.51065826   98.87056732   99.23047638   99.66004181
  100.08961487  100.5191803   100.96035767  101.44798279  101.93560028
  102.40000153  102.85279083  103.30558014  103.76997375  104.234375
  104.72199249  105.22122192  105.70883942  106.20806885  106.67247009
  107.13687134  107.55482483  107.99600983  108.43718719  108.86675262
  109.28471375  109.7142868   110.17868042  110.63146973  111.08425903
  111.53704834  111.98983765  112.45423889  112.96508026  113.46430969
  113.96353912  114.50920105  115.05487061  115.60054016  116.16943359
  116.72670746  117.28398895  117.82965851  118.37532806  118.88616943
  119.39700317  119.90784454  120.41868591  120.91791534  121.41713715
  121.92797852  122.43881989  122.96126556  123.47210693  123.99455261
  124.51700592  124.96979523  125.4109726   125.8637619   126.30493927
  126.69967651  127.08280945  127.46594238  127.86067963  128.25541687
  128.66177368  129.04489136  129.43963623  129.84597778  130.22911072
  130.61224365  131.00698853  131.3901062   131.77323914  132.15637207
  132.52789307  132.91101074  133.29414368  133.67727661  134.02557373
  134.37387085  134.72216797  135.07048035  135.45359802  135.83673096
  136.23147583  136.62620544  137.05578613  137.48535156  137.90330505
  138.33287048  138.76245117  139.18040466  139.58676147  140.0163269
  140.44589233  140.89868164  141.40951538  141.93197632  142.454422
  143.00009155  143.52253723  144.05659485  144.57904053  145.11309814
  145.63555908  146.14639282  146.64561462  147.19128418  147.74856567
  148.30584717  148.96762085  149.65260315  150.37242126  151.09223938
  151.8120575   152.53187561  153.26330566  154.00634766  154.64489746
  155.2950592   155.92199707  156.54893494  157.16426086  157.75636292
  158.33686829  158.91737366  159.4282074   159.95065308  160.46148682
  160.96072388  161.42512512  161.88952637  162.37713623  162.88798523
  163.39881897  163.89804077  164.39727783  164.89649963  165.37251282
  165.83691406  166.30131531  166.74249268  167.17205811  167.60162354
  168.05441284  168.48399353  168.9251709   169.36634827  169.80752563
  170.248703    170.68988037  171.03817749  171.38647461  171.73478699
  172.09469604  172.4546051   172.79129028  173.12797546  173.47627258
  173.81297302  174.1496582   174.49795532  174.8346405   175.18293762
  175.51963806  175.86793518  176.2162323   176.55291748  176.9012146
  177.26112366  177.62103271  177.98094177  178.32925415  178.66593933
  179.00262451  179.33930969  179.69921875  180.04753113  180.40744019
  180.76734924  181.13887024  181.48716736  181.8122406   182.13731384
  182.46240234  182.79908752  183.14738464  183.47247314  183.80915833
  184.15745544  184.58702087  185.01660156  185.43455505  185.8989563
  186.36335754  186.82775879  187.33859253  187.83781433  188.33705139
  188.83627319  189.33551025  189.84634399  190.32235718  190.79837036
  191.27436829  191.70394897  192.12190247  192.52824402  192.92298889
  193.31773376  193.70085144  194.08398438  194.47872925  194.87345886
  195.26820374  195.67456055  196.16217041  196.64979553  197.1374054
  197.62503052  198.12425232  198.62348938  199.12271118  199.59872437
  200.07473755  200.55075073  201.01513672  201.4911499   201.96716309
  202.36190796  202.75663757  203.15138245  203.557724    203.96408081
  204.37042236  204.77677917  205.15991211  205.54302979  205.91455078
  206.28607178  206.70402527  207.12199402  207.53994751  207.96951294
  208.35264587  208.73577881  209.11891174  209.49043274  209.90838623
  210.33795166  210.77912903  211.27836609  211.77758789  212.27682495
  212.70639038  213.12434387  213.54231262  213.97187805  214.34339905
  214.71492004  215.08644104  215.46955872  215.85269165  216.22421265
  216.59573364  216.97886658  217.36198425  217.72189331  218.08181763
  218.43011475  218.76679993  219.10348511  219.44017029  219.77687073
  220.11355591  220.46185303  220.81015015  221.1700592   221.51835632
  221.87826538  222.23817444  222.59809875  222.98121643  223.35273743
  223.73587036  224.1190033   224.49052429  224.86203003  225.23355103
  225.59346008  225.95336914  226.32489014  226.68479919  227.04470825
  227.40461731  227.76452637  228.12443542  228.48434448  228.84425354
  229.25061035  229.66856384  230.07492065  230.48126221  230.89923096
  231.31718445  231.73513794  232.21115112  232.68716431  233.15156555
  233.59274292  234.03392029  234.47509766  234.91627502  235.35745239
  235.8102417   236.26303101  236.71582031  237.16860962  237.63301086
  237.99291992  238.35282898  238.72434998  239.07264709  239.43255615
  239.79246521  240.14076233  240.48905945  240.87219238  241.25532532
  241.62684631  242.00997925  242.43954468  242.86911011  243.29867554
  243.71664429  244.13459778  244.55255127  244.97052002  245.38847351
  245.79483032  246.20117188  246.61914062  247.02548218  247.42022705
  247.81495667  248.31419373  248.80180359  249.30104065  249.78865051
  250.27627563  250.7755127   251.26312256  251.75074768  252.23835754
  252.72598267  253.21360779  253.70121765  254.18884277  254.67645264
  255.16407776  255.69813538  256.23220825  256.75463867  257.27709961
  257.81115723  258.34521484  258.87927246  259.41333008  259.9473877
  260.55111694  261.16644287  261.7817688   262.39709473  262.98919678
  263.58129883  264.1734314   264.74230957  265.31118774  265.88009644
  266.51864624  267.15719604  267.7376709   268.31817627  268.91027832
  269.47918701  270.04806519  270.62857056  271.22067261  271.81277466
  272.39328003  272.9737854   273.55429077  274.13476562  274.72689819
  275.20291138  275.66729736  276.13168335  276.60769653  277.08370972
  277.5597229   278.03573608  278.52334595  279.01095581  279.48696899
  279.97460938  280.47381592  281.04272461  281.58837891  282.1456604
  282.70294189  283.26022339  283.80587769  284.37478638  284.94366455
  285.51254272  286.08145142  286.65032959  287.20761108  287.77648926
  288.34539795  288.90267944  289.47155762  290.00561523  290.53967285
  291.07373047  291.64263916  292.21151733  292.80361938  293.38412476
  293.97622681  294.56832886  295.16046143  295.75256348  296.35626221
  296.95999146  297.44760132  297.94683838  298.44607544  298.9453125
  299.44451904  299.93215942  300.40817261  300.88415527  301.37179565
  301.91744995  302.46313477  303.00878906  303.54284668  304.0769043
  304.61096191  305.13342285  305.64425659  306.15509033  306.66592407
  307.17678833  307.69921875  308.23327637  308.76733398  309.20852661
  309.64968872  310.09088135  310.53204346  310.98483276  311.43762207
  311.89041138]

rhythm.bpm
172.2655029296875

rhythm.bpm_histogram
[ 0.          0.          0.          0.          0.          0.          0.
  0.          0.          0.          0.          0.          0.          0.
  0.          0.          0.          0.          0.          0.          0.
  0.          0.          0.          0.          0.          0.          0.
  0.          0.          0.          0.          0.          0.          0.
  0.          0.          0.          0.          0.          0.          0.
  0.          0.          0.          0.          0.          0.          0.
  0.          0.          0.          0.          0.          0.          0.
  0.          0.          0.          0.          0.          0.          0.
  0.          0.          0.          0.          0.          0.          0.
  0.          0.          0.          0.          0.          0.          0.
  0.          0.          0.          0.          0.00148148  0.00148148
  0.00888889  0.          0.00296296  0.00296296  0.          0.01037037
  0.00740741  0.          0.01037037  0.0162963   0.          0.00740741
  0.          0.00296296  0.          0.01037037  0.01333333  0.          0.0237037
  0.          0.0162963   0.          0.03555556  0.          0.          0.0162963
  0.          0.02222222  0.          0.03111111  0.          0.
  0.02222222  0.          0.02962963  0.          0.          0.04740741
  0.          0.          0.04592593  0.          0.          0.04296296
  0.          0.          0.03407408  0.          0.          0.
  0.02962963  0.          0.          0.04296296  0.          0.          0.
  0.04888889  0.          0.          0.          0.05333333  0.          0.
  0.          0.04592593  0.          0.          0.          0.03555556
  0.          0.          0.          0.          0.04592593  0.          0.
  0.          0.02814815  0.00148148  0.          0.          0.          0.
  0.04592593  0.          0.          0.          0.          0.06814815
  0.          0.          0.          0.          0.          0.05481482
  0.          0.          0.          0.          0.          0.
  0.02962963  0.          0.          0.          0.          0.
  0.00592593  0.          0.          0.          0.          0.          0.
  0.          0.          0.          0.          0.          0.          0.
  0.          0.          0.          0.          0.          0.          0.
  0.          0.          0.          0.          0.          0.          0.
  0.          0.          0.          0.          0.          0.          0.
  0.          0.          0.          0.          0.          0.          0.
  0.          0.          0.          0.          0.          0.          0.
  0.          0.          0.          0.          0.          0.          0.
  0.          0.          0.        ]

rhythm.bpm_histogram_first_peak_bpm
172.0

rhythm.bpm_histogram_first_peak_weight
0.0

rhythm.bpm_histogram_second_peak_bpm
178.0

rhythm.bpm_histogram_second_peak_spread
0.0

rhythm.bpm_histogram_second_peak_weight
0.054814815521240234

rhythm.danceability
0.8187930583953857

rhythm.onset_rate
1.7363423109054565

tonal.chords_changes_rate
0.02999257668852806

tonal.chords_histogram
[ 20.23756409   9.0868597   13.86785412   0.22271715   1.67780256
   0.16332591   1.5738678    0.34149963   1.14328134   0.10393467
   0.4454343    0.           0.           0.           0.           5.76095009
   1.44023752   2.82108378   3.05864882   1.58871567   5.43429852
  15.84261322   7.31997013   7.86933947]

tonal.chords_key
C#

tonal.chords_number_rate
0.0022271715570241213

tonal.chords_scale
major

tonal.chords_strength.mean
0.4698498547077179

tonal.chords_strength.stdev
0.19274894893169403

tonal.hpcp.mean
[ 0.03404308  0.01806819  0.08699508  0.17367606  0.09264846  0.04126097
  0.06596661  0.03321971  0.08347187  0.14600688  0.0774385   0.15129387
  0.27025276  0.13205643  0.00706515  0.00648289  0.00848898  0.15100487
  0.25217018  0.11118686  0.02302656  0.03573041  0.0379274   0.15496461
  0.23810682  0.10911916  0.15667042  0.29756328  0.14960673  0.01092439
  0.01414863  0.01559496  0.17978241  0.29506871  0.12978928  0.02437656]

tonal.hpcp.stdev
